$ANSIBLE_VAULT;1.1;AES256
32353663366339326632343063656464343063356430313561623936373838663135623432346264
3436393464393438363637363661656333376630366536350a633436613162653164303238643733
37363666646365386537663436656332653466613735623262373832346332336264363837353838
6231623032303730380a643538343836363534316438343236393330396562613732643138643833
31366530363032616364663966356561616135363031386465356434373530396663346537316566
39373833333966633561653736653232333239366432386531393461663936643734323564373139
30663435386562323763316265356135656538643864306163353732396130613836363063663664
62356635653838646635326132343964366364656164656238343737376565373038616535323537
36343037363261663164363265386661333039333735303162633934363366636137656466346534
61353431383236373765363936376233633432613962373735343833653166386363386437363932
64616563393634363764346234326231336438646632306165613566633264663464643531393434
30663031393663303737626439616634623538616335393036313138303263633533346462326265
61633038343338363430396633313637653331376137376364353565303437393736393066336632
63653364636137653566326538363035656464306466373633373034353337363230306132663535
66643565313633666537646636626536633734383337303431363263376461646138366234656339
33346335306636656365313335626363643839346439633130646536386237373239393538336139
62373035653363653731633634656636366630643237313362633561393564306333613563316264
62623537353636323136306338306162643435393532333761623037363835376564363266626332
64653262353338653838663339666339373132336530356266393563383731636665346266313833
36386133303863346533396335386361343463626166373664313132396137333661316565643937
37623835623232633761623634316665666430666639393939613836323735613866303761346162
62353134636331653265653439363430336236336233613761666162363262616335633936343063
32663734336166376466613434356532663232313130663539343766643634613731303133666234
30313464376330393330626438623134316531646664633238663039336133333332303435393032
65356634343630323665303832356666646138336335646336333939313638333832646537616536
64623537623066653737383235653531363630636363333265356430643365653232636232306331
39393536386433386263616538636132306664396339396433396264373962333966376432373938
37326236653338343364363838663437623331656466633031616634666461663761303062393233
32653062366538386336313738373865343830373230633233363336303064343664366664303332
34643366653766663233386363666630323238316134636261326362336363343634353862363963
66643461636463396230373234333661386336323532356365313261663135386337666633343264
38353337363162653430346266666634376461383564386331333436373439633465313865326138
33383165353531663963353930613035616535666532653839656131303763343739386365343561
37643863306636636130316462373834306564353263626333366436623239613230343465323030
64616262366433643531393934383564393639653635633965313861303733646164643437353464
34346430656434313537313265303362313861636130336236383532616531393139623035643537
61303531386263313030363332613831323037636132653938643663316233323865353738343930
31353932626332643761353631376338653062633566376435313834656565643638313162663233
65303533663935646137663364623533646561633830643562363832306664333362396462653231
66316532346264636633306131636134663133386635373465386430636366393262313139396630
61373437396639373236383164323732303262646634313866386363623332636336303062613634
33636564613536633461643732613862333365666538303631313334326637616235343363623738
65633265353636333638333933383563653334386663363463383934386234303939343965323331
34346161646566343331373963636138646466626662663637326465636564363465313363396666
30646365656635343563623938366234633239373662333161346637343930353933633732333536
32646335623761666232326263363961353430333366346266623866356561313639346634623665
65306535643630313933326464616538363836646166303038323661326133656466386466393865
62366533613564616664366639326661386335343866373238663033363732623231396430323433
62333935633132643031326136333730376435373135343064306130393162633037636564653439
31656533633666393636616161613332666330353238643064646235616232616537376636646661
32306638663132323732303736326139363031303866356663313736356162633563366231656362
32613638626539336532363733333163343836383233353331346235373964643333366636613734
30343535343238666631303365383734306530626565626634326335656262393462363339373832
62633462383533313933356332646366626664616630393536646633663236303039336663663436
34373263306536333332633936343731663137343339613034363434643139623132313538386464
62326232616338626236323433613363616332353637363261616562303733346137376662396462
65313830306166616633313533643339386465323632633361333661663936666564646530616266
66646432613836613131373734656334303431653965383330326532366137373234633265383762
37363630343963323263626335343230646331663231353361646263323166383034373533323763
66313764376161656563643434623865373764313434363431636430366230343466393837623064
61623564366435613939313261306339366538613461633662353831623763653639373034636333
37393132646233326433666633666637303864613531613163656336336630376661653236613666
36666464396334303638376164353563356234343866383639663965643733623332306166396336
38666237653534643237323830313635646435353264366432346339376631336231653664643036
63643730656338633031303366333866333335343832326665326339643931386231653537336261
66363334313030303236393631336463633739663065386161363237323961306233613637666163
33646133626431323030396239643133316538316133616662636333396564366332353432313166
38316266303330393833616137373835393263316439386230636138643265636635363031643838
63663461616662343932386333633834393537376133353466376464616534373265333032336537
30353637376561623566613137393164383031383666323633366539333264363836646636356435
30383961383639623634383134363239643537653832353262653438363431333962383361393562
35376332363334653063333563346332303837316431643938373864393632303764346630333639
35653363353063623530393564616261373661353265386564336561666263623438343531616232
34663136373130333939306464383531323734313263346665383461336637643932366431393734
63646361383538386461323432323165303536306536303961653139373438633162363939616337
30353134323831623139373736623665383031386161626261623934613364613133376638346233
35393965353237646362363766613937633333346130366335383763343261346438323631336664
35653234653366636531393065313033353663613766383430656163323537663766333161386533
32643965656566316665333935316531343236376234383166643564636364636233633935663636
38313332363539643832636635653333623530383935396333303466613435643139366237333466
36613062633037366236383437636136623537613563666332346532396436666466623836326231
61376563646232376339656237663663333565326331353939326166613262376663376639343061
30633463633338636561393863626237396630386465356637663961326338343934336330386164
34663731353631623963313537333062396530373332643435666436663936316639666631313933
34343932313632393235653937623135356632643062393561613061346135653230343761353433
62353833633534393935383836333738633034316361343030613738633335356233656439653166
61666538316430343438316238393564313537313561646137313833633636373230313932353461
64376163326531343333376632633637386139343835373061396332336264353938656439393935
31333433663966363936353861623736626137633061336330393339626661383238396362336339
39323162346535373065633435663062626163376164613835613439393036316134306436386234
62303061383733613232363264663435333535303965323663666434663938363061386337663661
36343533323661623662333364666462306165663137373931393634353138636235376236396130
62643532616233386435393836363934373130373266666334646566393235653466373236646562
62656336386639626566313734666436616431316666313636313035363236313737626135303631
34643066623265303337666537306538613832323761366561333538663361646561383138303030
61343338646633343762626335343465306334343938333139653066376239363162623062366135
36393764323137626662353732333366616261376332376430623463643730653938333039346238
62616433666265316433346561383932656236323333373138626531623632383061646362613330
34626365363465363735666463326331393834323562636230663339653734386339663664653736
34383935633535356637633834346163386535323736393063626566386432396230303235653133
32636238313931306365353737316534326364356265396130393232383731333238633762323234
36663937333633356161666464383335346362316636616463363133393663313666623030363036
61653566343639323362383032326332353663373430623061303232316133313431623362616232
36663635656133613063613239346434653434366333616431623338373930376563626665346139
30316663393831353761306366626465316639346439626538393463333565633535346238656334
30333630626337623136353765646533653736633631306431313339633938336539666634376539
63633764303132303937623565313930313961646265656532363762646563643731303365623961
66653338636232333961383939313138306535633366336131636132306664653231663564396364
66303537383332356561633962393361303931373732366138333736363834356563383066346236
31303136623635303935323263656562623836303435616364376536623635643833613532633962
31363832633336356265343931663637306132316435633630346439623237386535383164636339
32646434313766663636663663663634396239383363623262623234643833376462366461646234
36383966653936356561653835653437346535646637633035616363356239666639656332636233
64623463303364623462316666623037396232656661656432326661663763623065653737623664
34326337316362636265653563373738336234376337303939326338353864366161326430666164
64333839306339393831653832303066323562353138666261613464326162663062366161656665
62363136373739383632646563643762383861333838326266643131306563313135646138646262
38373137303763393833643562376335376631336234343734313030396335663336366563613263
34363465623366633732386666633835353737356335313637636461633639643432306430323364
30306263313730646138643463616330343962633032663962636365306231376236396162643838
66306161633133653361313064653863643336353936386562386466616565643236616430373438
64303433636331376262613834643939313934346235393830353432323233343634323735366630
63643938613966343635663462353235343539636338666135363832613766623731326263343563
61653832396562633562613639313537356135303665626161303637386234306339653531656532
33626162376234373364613163376361396666326563613538616630663039376432613261316631
66326134643762373332333061396239373634643833353235363736343363313139633665363766
62363362376637643134316165336635363666663963643663653161663337343732646563333937
33376534396566383036663666633336616137376537653035386566303361376361633531376266
30626132656665373631343438363231396532363634646663616636613261643962366637343961
62326539633734303266623865663963616166306434383762663338333439616364646636616138
35316533633966356233383561633239383732643732366431653066356231336534396532396337
63666532336538393164363364353537633433656433303733336233303163653131623633393330
30393338653162306266373033386535353933623033626661333537336266346362313664643966
61356465333537366331323938383765653064343436623230326637303962653433633636366365
34323335306131386161373834306538323435303232636634386333636533396461306333653032
31336238626138366465386661393231396137363434316337393939626362373237666261653630
32663565353332376536363939376338613161366536353061616537363338626139616638633037
61393262633735386339353466623365393531373835333535383266336566636330376234326135
33356162383464643534653831383761323538393265363331316665383864323335633133393062
37396632613762396439383035633033643531303830316538303933653930663233616666363536
64383836303333626234353065326234653030336234636533663766306331386136366536663830
37373331633132376233343862373330343063356637663561626136653635386135343762623430
61306537346630323033306437353666386135623035336666303433383561323539303934663334
61393230306237333464313434343230393361313162356662633238373939663931353533613239
61666661626363393062376434663637666463623136633830613332666438383139333763396362
64316433383531393964306631316235316166623665353764303331386132373835353930366364
33323036313461323361346633653361306162646631383137643363336665313837333433626164
34343765343166393761643236353639383935396135626537303266333765373534383761323664
36616131366539363737366431306236396464666161366536383536376265643061303337386238
65613465306164643561373934326132633462346662663539356231373035376366346139303063
66336561633063373766383064623862313035343430376665616533343430643339623136313533
36663836306564396437646633636565363936653465386464393836303438616230363362373038
32333163313465666135653566663165376638363863303337343763626137623563343536386332
36643032353035373035373534363131373635343439383061663335336266623162336534663766
30616164633939313762666333333532316165363636613436633961356134323730666363376234
36373134653764316433383535366361333764336264643764386264633361323735313432336232
30626132613832333237633361356264356564613730356439626262633131303864376131336262
62386361653631633239326132613363363764363431323131326530363136663830366234323334
64316235383133353964373037393833613538363066313238366331313532393832623264313538
31613433343834343338633064373363383366363761626435306533316434353765653137363563
61626663373961393238393364316538303737393839303131643663663063343137396330393532
35656363623335623262366466313163303131373839393636666366643238393038333137663037
32383162316339356362373736656664643036646665626431303332313164386665366164316431
31323434613365393561303865623337636561313963613939633335353135653231383230376433
63363363343634333564626131303439353561323363633365303365343665383431626530626238
62393536616538383261343638376236363664386166633037643966666432306339323661653335
39626139653261376532633535623832303165646136636334386239643130306162353964336262
35626431313236396532666531333237336335613438393134393836346635396564333738343739
33336562393235376139633438323832313761383633623263613235396135626137303939323662
38623430666565666463663138613031393430653234393063653963656637343162646439626138
37623639643236393134396364633636336366323861343031393931663733663832383631313338
65636433613633653038346666326532656431616636653865386137326666323236623065353936
31623237393861356135363134316662323163653533336532666164363737386361333735386334
30303965633564663961323466303132363963633264356333346334656339333330623936623033
63623339326134303735336464643962626332613535353166623936643237663631303864326232
34653331616535393534346164323534373937303532373131396662626630386462396232323664
35373033393635356336656336313832376232313363653131336238323136613837386334366638
30363737393262393434333663396237663664333165313630646131363361653961663863346533
33376161326634623537316235333435626166316266393233663038396639373931633931373238
30353036353633353933323030386239303864373332373330303464316366626538323064636532
38616164613065343264623932613162636462356131303837386562386665653531653531386262
62323239663438646335373237373466326432353537353030656231656632303130636630663839
30343039366264323131333430346339396239666336393932306463626361383531663964633662
38613432663931366430646138663763616362346131653234653766633865373838363433653135
61356564386135303838616235646364636266363362303735373432383261373764616639333930
36386234363939356563623834306537393334643863353434613234653433303166316534313433
64346132393966323262386332383130336334383332623234363166353335366361396161396338
30663238393039323866343233396333623635343335643538323332303532656565373566383461
62343666316331663034373034323137346361326363313131623265303162636434643530376130
65626237333231643137366536663739376130316163666161366661643537356230393861643061
65383731323437663461623362386637376462663436376330656665303162626130616631613162
37633830363437643530303561306639656136626666663761353632666430346435633439653834
64333935393663343761636638333035353737636239353630323662626335666463643966623839
33633837653664633739656434313139326633386538616631373834366565346131356630373764
30346164323333626132643032613665303238373230613138366231356236303762336666326131
63303632613131626464653231656339386666663761323163666536323261656139343830393136
35646537663138373132353364643137303065366437623635343536313766346636666539633632
35613731363230346638316462646262366533653561373162346566303662656236653565346432
64393161393430313633356466393637343437643561316532336563636139356163303038333763
32313432343337653730626235303661323066373265643231643064616136356266393737663931
39343463346234346131663434313166356236353364613331313633633262323831626662663736
62636235626565653463313533626361393364396139623231386566323431633130623039613465
65626336353163663939363938613438313962393134613964636232363834396234633236343631
37373939613131366530633438343534643331326161623738663562643061333062346562663235
37326436353232646332386633653166313634333434333863356666306439643930393766373737
32393639616263346231616230653765313839336666323734386164303932316237623461613736
35326432303438313661336336393335613938373566366538383764646238633162333236653936
63373265383763623363363434653337633261323731346561383138643632636139663637373336
64326661646339613139623732616363363738643536356533643765353663663931333939323535
36333631303361326232333734386563633331343164636663376338386636663830616533386662
39353030623938623663326633663234343630326336376334313065616331306362323235613366
62376137373431613330306336663530333737393263383136306231396363326535396561623231
61336263353232376563383937303364333536626162366663336637663235363466653632323939
30643033353738633436616335613539393737353236386232356166306262663335313463366365
33346464313034326438626633353238633433623834303039666261643934613637633935363362
39366461636233356538336661383762303839333037616338333439633733633533626438633866
39613730643835653532393235653662363334323230373736376161373534326232383432313730
65306239313233396632376465376461653663626564646365646366383237663635643637666236
32393661643432356531626232656564386336323461373431666563653433353139313733646461
38633761613234313963336532373435393537613532383936366664353336373962393965643865
37326133386534393735373535623934633465613131393664326237653837663362616165646264
35393934663461356336353962386265313762336634376161646136613132633833643831666562
36373738376436363436363235333038363534656638333238333331373131323530306239623930
37363139303630383063386366333638333330393939306335336236333134333863316538656632
39363836306336383133373431326431323239646435636661383566383634623533343333663635
39633365316633373235356336366565396265303135333731613335666363376434656335396438
65643633383263373238643635313763333765366336613531653662616262313638366164323138
33633431303064316461366630646230393836323835383466616632356162306363326439393235
39626438373962383230303735386634666263313939613539303132373437383666643565623365
65386132303538633063326565623836636537663539306437366363373764393537623466373930
31306239616161633063353064303463323330363932616539666133303165343636313735383063
37316535353938306366343136666530386264373062333262313530373137666436336238393738
37653066636136366234363034376136666532376436376330663261333032623930613565616365
34363062396664313366306663303038306137326436623739643866333431396566636630643334
34323533396536663238313735646563376532356361323430623066363331303161613630356566
39333962636532366235373338346339346230653566623836393934333331393162383862396164
65366231326665386665303761376534343038636361323962363166356362396534663462393662
30616539373232356163383637396134623133343165623230386466383331633132626364663635
64316330306537663334653839646130396234376134396132303332333965623166313463626138
63373630376262313039623935393763363330376564323736613061613664663534333639626665
37383364666463653166353661366262636436313932303766646339313130366139353832323039
31333035313932386334306534386461363038663031653339383564373439623866653636636536
32623665393132616365343933383635666130613935303536316561336638313363333534383634
38386632336638326463366131316564323463376466396265326437386334383836393734373935
64383761666236333630613335613731643430326137383532653633393734373539656333663165
62396366633034343639396434363165313539363466353637623938643436613837633134633834
64663261396536343136393133383135333436383665346335636431346133636432363266303830
34383961613131363862643733313539666463633432616236636164663331653730656336393331
31663136363532633961656461363833313530393661633038356463393065623165316438303065
65646335333134363335303264346339383565343537306264623237643931363035346237663763
39336561363037623136366533613366613533363932363136613633613432613261636133653930
63396139616530386336646132383465663364643333636363336431333663336535376566636434
61653936653831663039393833333464353434626365386535376635666532626437343066366231
34643861336666666238326462616561376237336666346161646263623035383533383164333863
39323138643634346361613161613135353566626365383362626330353533643733626337353364
31393863653032633339623032376139313032356131336464376131666363313533363363313835
38643530613539616534616530353438393033383364336633656435363162326361353865333833
38633437316538383263623365643865393537316338303937343166343437333062643931333235
65333162346533663765623962303731383134353831313937396132633666356563306236613832
33646161623063643564633863613536376563643633356335623533666136316164323064383866
62373433343864316563623165333163373664323164333363356261656661376562616334346637
35333734366366363037383938353962323063333466373835653266303231386431643263376439
65656438346661326433643263393130626333353734306334653364663138346565663762356362
32356466386563316165383764616536356163663235656365616132643239303932356539343061
62366165376533323736613539316133393532306232363564376163356631656533303135386331
61623166616639353439353732656365626634346266396163613663366465663963373066306237
66313561333838346130376435366664396566353164313562396538666335336639396666313763
38633335653638363434656139376363666562343933336130613364313936396539666364616461
38623062353965383239326534386138343632323761393938663431393566316238616364336662
35366363613131633337396132366433616237666238636436326338323766663034393164333830
65306564356161383936303166326331323430333839656236666330306637306264333864376436
38306465313931366261343739376361333562313130373034323439376138323463363465396438
63303533653863313139373037376132353935666332666332383837613338386666393263343662
62383339646132356437623138373361623938666631356462383233356339323963323830303339
64643863623065323331313432383534363266343331306239303032303137666634366634336432
62303865393331383936616265346639393132306263353832363933366563626234326232393936
32633638316234633164306435353135663261636661393063303135613764343239383039303961
34326164306330303333356438343337356130373166376261613863336164643637323432616264
36346365346337396134303138353339353131306432343433363966383330656164643030636537
64643462653964626436663230653062353566326331346363393936303964396638333165336239
35353139363465663132326237616539366365393636613330633933636635656632323136623937
66623363656337313637303565386265653936623361306535663562323234303139623634613465
31663366656331663538323630323763363532623434366332356666326330336362346431336331
30643832623766356663663466663831313332663131343166346362366564663261613236613338
31356166353065313665633634343438303064356336393733363031373139393437373135656536
30336636616339653266663663303161343634353137383137373934326462346236663030626335
30306136373832323465656262393538633962633236363666366265393966323534653539323639
33363233653531633537376663323464346363366566313030643462373733366366613132353835
66386336313031383335333035323731376238393635353566306439353834633537326334393831
61653565386530356463376465336366313037306435336362366363303733343764613535383238
63373664373766386134656436373339323162393261303432656337366233633937653064333735
39373463326333316436346666343232613632613630356435616366646566386337663730313633
38306463636630396362383439306435343436353831623563336238653130623737633165613664
36373735626332353932363362313064646636646461633962363962313933353633306634313632
65653464653162633161623137633938333235656666306336343731343935303637373436656439
34396338663262626539333533343537666462626637633735663962613838376139373464346437
32333935323537346135663537376330313533346366366438663638666234306466643664633533
6135613332623766306162383836353264303734336463383436
