$ANSIBLE_VAULT;1.1;AES256
39353761623537353261346339333663636166626635373965613634616632363166306261343963
3464623935613533633964353965643532663635613163620a363739363931313139343661613937
62306461386634333538376438346566313233383037656330316662623864306333346131653061
3963346437323536310a613839373234616635396161623833373731636265353130633134396439
65633466396465633130666231623761366538613065653934343662663562383661386462366632
38393230383939663337363335356437316635633862666637313637633466386134613738626136
36333864653536373333313432306265663166393033333761356136326135386262666333613561
39373764626434313233366164336434303235623730656231393362343534326330623836653535
36363831663135663539626139666362393838346134306333323163653064656665333264616662
38613961303962336437333666623835326136323366376163346461623661333662373766626232
66366137383930366366386365653938666438666365353262333230303336376132333862633164
35323363326237393639666365376239643333323039633536333137616336636563326265616332
64373431313031623865386663343734376337373066653230346334613538316132373663653833
65316365323336323835396436646464663365396439313930326264343030353665663236303337
62393265623465663632663138656539653564393234663635643263386535666431323032316632
31633235313139663535616338353263333563303465303463623238366135313539616632356466
65633535623066636265633933666334353533643134623266633538313264646631313931663535
35366639306366343264323766383530346665663835613730613838643865663837306534366661
66633332316434376661616664306362616439343231636463646133666162363634626433386339
64346561343063373733656633643462626539333063626634623333616664373633386236323731
32373564363130643166356531626466303730626261386261643765653936396362306537363363
63356261613565373531613934613164356263643962383663633865366566613039633134316666
353262623831363435343462326135373434
