$ANSIBLE_VAULT;1.1;AES256
38633238333730373566393933326336613830623439636166323464353434346330336163633830
3765383738623765336439303761366661343561383730610a386233633934366666623434643862
61383538623831353965356231353863303831343065666662363863623731363562326335346433
3233613364636638370a363137346338626534383262616239613862393832363831366461663834
31623066616230363661353937666638323265363530383536636539653738653566326465633836
61323830333238616166633230633630346134633138393566366135326434643737346137363030
63353932366333613462303461363166373366373363653433643635663536616531336637396137
61393930653962333362356263613737633333323665313430343761636663646133653234373466
37353130393036393531336631323930363664646532656633346539343365393638626636386461
63353665303635306462633939666335623761323435643263383337666633636539656465383064
63363361343063383734643235353964646338353733643134386635623661623633613334393531
37313463613338386638393732323432373733613138636434393634663534303134333766306236
32383261363035373035346166393761663164633336393238346266613437323162666666383331
33323936303532313636643561383033316434643737633463306334323564663135633064616465
33316261643839666264623038396139316261343663373038376136303938356535613939376265
36303763613031626462396333323563653333353639353366643262653430336236333933353462
62373565316637623262336363633934363963663335303263633033393164623031356634333163
61373364343466393364633037346466616334353837353737323466346538656363396565333663
33663561633734323038616230626462393866656433313532356630633232313534303538636361
32313734343537613339356661633766613963333963643534643032653362303662333163363439
66353036386464656566323230316266363066633336386339366636396338323163343835353964
64663363346436616137613462333438666431326434616637343431313530636466613066316236
31646539653437393865613166333330383030656232376661333264356231636365346633333562
30363630393235613833323731303034663663613964376631366165333832303439633762663965
61353337653932653831643135623538353961326264346561653735336638373832346561313863
37316266643133376632383533363863623031623735343436656331636132313261613133336339
62623533306333343130303961333435633734393034346164366538343363633335396365393463
33303966343433303865313735376661326138636232633665396463633631386564396233306532
33663466653433626137393661383734663366626461623137326462343231666434343966656462
39323663366562353830396338633439616536666234356532376639656133623433356438306436
38323037383861623965306636333239666233613963333931376638633136643665383332653366
39623731336164613635643562356331306135633735346665653662646233356635393565633831
62386265366635336135643434613761663237336137646633623638303433376235343630633233
62326638666239616363343265343034396238396236396537646662316663663965323134663166
65373836333534666265663237646535376139383163356261643262666631636664353265376661
63383731316337633435306363363033643563613935656431356562306135383766373265383630
36313737643062353135343564613832663132376464356235633834316334356332343333353565
37383966336332346233303639373037653233366631626438363661373639333864366361393963
35353864386530393866616662333831623538393361663961666637306437653637306536386138
65343636333833653538363035356364306232613535316363306133343931313564666465353265
33316633633330623030363133663761383135336637366631616262663033316465306430653533
33323739363931653832336137323939633761633234313534386361653461663430353237623034
62653734306530366562376663623335333962393530616632383962356561626436653337346137
31376133333931333964653964666463353236663134646463663537656534303237633662313462
63326464353331353963386332623036633938353334323563363862623932366663633963616235
35373338353661383139303662643561643133303234313637616234623866356261383465666338
38323830373938353332363565323934366338623932316162623836666138353765303561373562
36306239373237356338653630616661316633663764316665643463663165636265356334623165
36366234313366626232646432643932636263616337346236323330313931303638666434383432
62336636646132356336656631386630376262346530626664316534383264643432356333343662
62626134633834376335343864393030333138393230376431383561663265393032366363613863
61653830313664306234343230313635666235393539303838316533363065633439353030333938
31643138623831326134366131626235383861336261396531626530633761306630343539333232
33623931643737386133666635323230326330376639666439353363633265353265383364653461
33343838333536646465616132393238303037613866666366386461383834653435356332653834
34343330646536636239373837616462643462643638336437616364313739623763306331346330
38626331303132663838346636366363376264353839666136353630383163616337366632313464
30646261333531666631366233346337643438333361313663323237333866616139303831666337
31353261633561623630363331613735366631613439373530306131316330623537376565653730
37366361373366653338653330646166336436386534333839613939623365326162343561386362
35626463316438633732333530383862616332626233623166326664646566646632383262313838
36393736663930396666303765303039666432623165643436643365373362346634356130643131
32326630316236653266306231633538373263616232666264653537393266653136346338616662
39363937303933663762313335393862313964643930306538653930353530643436636461626365
34666638336161303161376266633739666361623236386164366535373738613937623035613362
33313365343761333362616262656430333466333832323830623363306534306331666330656336
37333463356465343362303838346431663833396435336531313039333035373734326336623339
39633866356362333639643063386633323337316631613962316430636630636562333538393532
62363463343738383536313438643130636565643332376435346535643837356161386239623565
32333735316537386166653730303334656134303533663537386665376436366337393065343534
38613034376265343366373662363435653561303731383964376137396635363462346164393065
64656338666564656539373935336139323239623464326130303064336461313737633337356236
62373766666533343430313436626238313064643961656139343561663136386333313436643431
36323962353962346563636531613663323534653432623733303830353030633763363662646631
33316538336230333764353937326262653237343835306339343739623935636666613464306131
61623963663639306536646162346636643834326333373535663962646433623836656332383630
62396433316232316137346630626335616263336362633432633261356433616639636333656138
64303766646337386233363438306561363631646463333132326638383965386238643931326133
37396436366264633431633337306638333961376135616262633464643535326433373132306239
34386638396431383664656661666464373565613434363763326666303762613264653164656237
62353932613532316631623339306161656463333162393665323562626365616464396136323438
37613335643937623964353631633331313461313739646362646630613564336530623733316337
63303433373966303534386133383065333939333139316636363665393866656366343134656130
66663462343330663762343339636465613666646335666338613139316666343365326539306561
64383136653732656562383636333363373865393061626366396531643333646533666630313536
65636135373265313838636363313535376363663031376235326265396265623732383132626133
34363838393531316431316631343638656239343931656234336332313262383636393837613633
63383463383637613665323638383532336433363033663662303866663137306432633265643934
66623466636637386433656135303766626537373337313364613832656535333337643865316333
36636662663065316336393033326538333637616631346664346263376462383036636632373866
65326336653863626662336462353263306663333237343232613963333239616336656537393932
64613262363530343139393164326566656431303234633766346133656636663464333639363164
65376561306439326530326131633066386664383537663635613737626163663330326431376432
61343636356638393663616135396635646664363036653866303037363138623237383336393966
38366238326366343031333635623363383934653231306166656537623061373831303233376264
36386264363961656464316638613834656363396130663230626333306364326232363466616537
34613564633739666139613562393164333235643664386434313566633336643632333565303330
62333837663731663736613030303162366265376332643130313639393837663665663965353833
34393861326231633433633738643336646263313835636131393332323139313233383732326432
34336331643439383563373536326639356365363538616237666665623037343963616236636230
36336532356364633461323665613330626430383733643538626330303535366661633964653337
33646135366139643866333963623235383564323066346464373537393562623131363965313965
64633965663764316263663361373231663637643837356663633630663961313331343130333862
37626566366635396464353265613662306335656137623562393831343466613335336333363035
64313861643238393865633062346166373338323964346339633335303263303734386639383833
32633936303030613739396234646132343063323835623038306232373130383639643834303936
39666561633130393932306331323332333435663335353331343038633232313537353239376263
30366638343239383439336630663533386132333964343833373134366231383263613937646261
33313637313435643563663531613833323537623636636331386530366538346530336330333361
37643631656233616437313434646662303636313733376333663131333736343537356430386638
38663138616237663666616236316564356663366637326333333965633065393561333335396663
34316662366339343531663235303235303530326666366664373662323666376639386633366635
63323435653662313830623164623763373933623231383936376430663531626232393964306365
39386538343064393838326138613234373731313330613334363432633633343161623864353935
32343466306266313134356564313961353330373930323638366137333033306566396536373637
65623664643865326630643566656338623166633531316634623765323435663063353863393464
63363062626562346635363039343135346531333462363862313934333161333639653539376230
39616633303632353264356230343738333566353664613537626165303138356361633833363663
31363461653462623532643238613538633264363331303464393337373033316335643066643931
32353334383663326632366333373731653338663836646463313364653732636466646263346137
32646463353166613662386130623431383966303334323837613161336461643734356235623937
35313562386430313035363364613863643865623338303566363934653031323731623764373565
64383034306138303966646361633737303034303233653737333664323930643538313434313030
63653838326237353963346337376266643432356630366132616264313036616265663466363737
33353866663762343963303064313536393132643535333863646132623138316632633562343838
63663361353665393566313539373262363939613337653833613262643862303434613463383337
64613162326138326361376434613832323265656162386166656366373531343736633834623066
65653934373665653863623332356534643031633333383563383830326634396363326337383930
35623539623630333033623561366630363938643138623031353239623135336465326234633333
62323566616532313165316261383031303838323138613563323433363433353837353565613631
32386330383233313337323036346461646132333135656334316132326666626565643535656439
66333964366136303666653332393331633737363561643962656532646130313237313636646165
31353430363162613031376631383566653236326131356438356234383834613361376563633464
31343234316161343133623862393064653435633564613863633063303461363662333633336534
38326463646466386337666336323637636166316165613339373236383333663933643061633031
31343234313933323235613636383665363531616334323833346265323139366138656131363466
39363366326338386636323264313032383966323337393863653365393161366234303739326130
66353138363330306336633734333731396438613238613033646231326535363836663633306565
38393366316635323932343437313363643265363839646462666461626466613632323931393162
33343631356431343730643737656230366364373335306534373135666235373332653631643561
30633930323930323633306164393965343931636638396535326361333431373962336164396161
38306533653664616663303338663563613462353737343430303164393531303664366336353935
30373130666365623837363566323739323033376333653261346462623139313161613835396664
31633365393665616532323462386466316337633132356335613435396237323033333532613861
65313464323963373539656562326534363535366336313636356237343539383765633735393165
39373965333161626463393231643964386235393464616233666165346638363163363436653735
63383638333161326130633937643634313334353261366431346235376430323266313364373963
33663030626566326661303764373139323133306534326432313839396132316465363332626436
35373436363738653230336633623331666232633733376533326662613939323132303330393239
62366436626531393935323135303166313635376266633331396135616130316136356161643033
66663765663363313233333636346333303936313732353334623138633732366432663633623666
39323733373966636138663963633563666131316666383965346331653663393133613731333865
32373332316533643062663236303231656461373436343063383834623665323931666462376665
62643163353337313735366561626237353663303334623361643237643836396138393963633335
36363662396135643930333136646531303033383734353661396137666639323562323233643235
63653665373161643765613163306639326665373964333465663338653334643132316438643462
34663538393731326537623435663734303537336439636333653036646365363635613138363631
39356339363337396136636633613934346561363331663462356238393430623661396533633735
30643239663364383664633864656465353636666335616230613734363831313163303032303863
66323364363434656161313333353861313337333931333161616363636236363061616434386136
37303636383034613733373637343631613766613538383365323031616332626166663333363733
32313663323530353931623562653565323734366538653362326433623530666436613730653963
64666331623731363061316637333533303932343463373330626464616635646662656134326536
37613033616562646366613630346465373939646165383732326233626263613837346663323562
39376362396335613733306239343532383536356261663333656330373336643033373861313263
33656239316131336165373762633034393631623362313035656634343839633135613032393766
63303863373032363035353665393333616162663039353932366135646631616437313333353761
33623230343835323235363463383734393435633631346330653531326233636339336138316339
66616664323664393431386365613036313137636334316138313064613766356463373764636137
35386362383430353534333938333333353936333263363066393735333136356430383932326437
33333238353536346162353931646232613533303936336464396335326664376131363361356633
31633561633130393263663562323766666564363633353632326530656363626337623936363433
64363832626534333062383638613064633934353565613734326266643131306139363231333265
35643533613536376135316538636432356162643265363532333639623732643363313761623330
62626436643934623963656263323462303330303761663239306631666131323530366638643831
33343063633362613066336165663162353036383430623566376133333766343966353863356661
35393133346230303862353935613439363237653061366134613266633466313030623661383763
35343665653636313765316138306461353235356561333062623166633962393266383263396165
37623964633433373666373035343137333435666462646336373332663766643161303030353466
30396365336266373063633731376165616531376235376636653266616662653863633132616333
34353337303339306337396365313236626531363837623661306437363361316462356461333339
38383765666532363565356462383164626234326334333066633865396438346636646162376532
38346430396136313833613938303762343161636336666666373165373432616439306362343437
63356439613464303737373362323163656434336439636566303164303134353033393734386164
38373539376437346164316663643464653936663037646162366338613039666465653439656566
36383535333837343733343537376233393162646436623330333337663939613933663339346463
32376235376564653333346333636130363536383630343731353565633438636166623264323763
64663139356535656235303130376137333238363366633036383862653431366533326263366364
63633533323264386465336361373235633234633835656531626334643934363231396533653734
63633931303266373666336435316135356435393833663063623566383938653437613633623437
66303136316230343336653663653431663831336661373235633863646365656662383837343363
66333465333839393361316230333962633964306666666363383963656339373736353062303465
61313061396663303266343836623765366135633533353234636532356632653165333438376236
61306139396162633763653931323464646362636239643437353964646633656165333262663433
62333734316266306639396330326134393466323536623365336339653563643165636162363838
32636532663464323764313134393139626562353139363330356633343430386362666164323537
30366638336538316362646138613462303937393363643333343065363265626634623064346332
33396539313236366438316338303636643863653864633839383362613161653635386365656465
36333738616333336530306164623535323836333432346562333435643635386339623633383032
35613936373238336132383833656538346638656265636165623434336239366338643162336435
31616333383234373336363630373231383032336533646166323165663433666663323363343231
65616562393532663766363165393065313961643434333236623638386539393639613736363264
34643733303466306135316639303531396664656265323634336465393462316234643337663834
66653232623438373661393437393563626437613530343336646663643465646239656137623736
39333335326531343062396133643965636633363863323635383365306466666132373633313339
37353134316464393131366164303235333434333766633166653266313039333337366134303239
34373963306662353435376334303633366130626632346138393065373637616238353738396438
63353731663230646430613466396663346432383334663931366266663737663636313362316532
31356266323834313038356538373538623766326230383433373639356562383966643031663164
65353239326239613337616535373165306137323235323136653863613634643861666264343338
62393138346232313632343038326631623337653932623135663730343539626534333266346265
37393331663138353663333535343961373431626365643933313330326561636233313639633061
32666366663730643865636136653034306537663530646361316537383237346330613566396335
65353938323431613235636239326364353336316439383164313364633437306636353733373930
63616164656535313137326432336266346363313434666439313437623738633135306332373338
65363665646561303462356533373364353666306538623161316433636136313563643263623430
37373636323365396335363936363863633165306538663735653233336566303033653730666534
65356163323665643533396462383432666561306534656332323866393039343831653564313237
64643239616666393139623438383037393839633131663461306532393037663434363761616231
61613765366134353931643838643362303637653832383561663639353062383032353731303633
35366338656365393066343636393565613065653737343662326264363166373835353261623865
63613537643063653039333863616366366438626432363231393134623638616230656137356239
34616235323962343536626536633662353461393536646462633634656539666638386161336339
64663363343634326231383534376530306137643362653066643465653235653834393261393532
66316665333237343364613830323330303436353335353436633365623136656261316237326436
62653136643161336139353239343736613832363835633934393730373738346637356532616631
34313663316362356135393437393835356239623939636665373434663063666238303533666536
34663865643032303233313266636436333835356331366332306538646439323637326430376635
34613339613636626665613830643738623062363861343266336532653066393331316166656631
30386265383065313730633263356561373632316464396163646663343737643866626434663336
61356130346532363834636135336561623365333931343139356330633738383632643031316663
62376538366366613765336261383832303765356663663538623930663762353836383834383036
63613261316234373531303533663530323363373465656139616231393363396164643661313639
62633765626638656464313530336436633137306232616434303364663937636130356263343839
62636437646161306535383935646330353132626330663439323438346137333035613038356366
33303036313164653030613264336263353166666136626533336163623261373364336361646431
38303633366234636132393237363730666133353961363436653165326632313763396537633136
65323731636464613262663335343531393832326531366432386532366566326633363963376434
63643633393462643164663636623832393539613063326461386262323738666662346637643464
65373166333035326633616536373162326433363364663438346362643535313963646565643932
39303663363538323864373233306562626230346463376239363064663032323732336239623135
33646538616361363062393937353636336639633032363130663130626362333431343830646163
63666539303336626262323961643930616134663139396634356462373137623263663132623365
66303365633230663636373465383661393336383438316266393864663138343538623539306263
35303063636666666665333361613830363565333464373061643038353232306339666339616466
38386637613837343035393832663361343337323961386637663664376665623333356163616638
39666639353564636635613634363162373838353339306663613835353962393162613063373664
64616366353234636462663965633036386261643334386438393264386366323736316331313838
65383131633630663435363638363736643733366461333231376266323230323466363935376339
30623636626531623939363038376538613664306637306162326333336139343762393861306337
35353638656564643136623235643033373334653162396534646264313839663866396538393763
37336438323035616330616533653465633635666463323831663864633465653361363763313364
35373862306261376233613537373336386135323638623737623131393332326437333866306331
35636332356666366165653764376164306434303539656231396366363530306561366164343332
66653737383231336566303233613465343965393430393064326161646365343563386262353462
62653938366337333137343634393363653362643533306534333131646438653139393734323530
63346636376430303335343930633835303737646461333563666537613834323332633234336335
31383830323162313632303435396138613738663933393233633731633337666130653162666361
34363965373430626362366264336531663761666162363865666435353264366634386363333536
63303134333635626464633962313031386131656332366333346564613233303138666563316136
62653138353836396135666463353661666439333665323739613636643064346432313937303931
65356533333932356431363165656533336230396333613632363930306539636165633566333263
32623463653162343832666230373931333632623538616134633435373764656533306439396633
38333261376630313839333865626130326634623434336664303338393132353638656232366162
32303262363466393666616334666136653664663632373932373966366432656337353063383930
66613766373132353036623261306534393061666531373030316230663737643561343334353738
33366665636435336635666635613463326338323036383038366631383861616638633631333739
34363864613436373165316564616430343939343238653663323762666639396237323133333030
37306365373764626664663033383962353966303130343261666531303337363830636235343066
65333039363539656335336264333639333233363737623437623439636331633663393864343061
36643134396230633739653934616238386532623766656561663861393735616233313633366431
61343161626430343861656334353266313762636166616536313833383865656238326133386664
31313664383839663135646661316535663863333838663462383832643461383039336538653665
30653238303239643166356436363838633737663834396237386439333364653539333664323365
66393235633063633061313537303433613731306463366139623337336136303433643335356134
33336535653937643739313434366133306130333964363532376565343238306461623031306161
30633135313461646162646531383531303562653033383535323831313839376634346462366632
61363831643537333561626532366366386636363065333463396162306136636431383737376136
62616331343333333439616337313737383835373930623466343033373737623131666430303236
31306630663465383466363161323038353861383238353365343037313361643437336161633133
33383432383532616236616137636134626465323061353963303333373464643530656666323535
63643366336636303231626266396437373236343965336662313630326333366462636161326362
39323332313137666564646361373236356434316430653666616566363738373165323262336437
35346665323362316332663537346638663633396134613063373438373331663563326562613962
64303630666238343961376239623732643764653864653431366539646165363232636164663563
30623237386237633562613037613466613333376165666235643139383162326331653132616664
34336564633962386237363830376364626262326235343266303264643566666632623438366664
32306261326139353265326133366366653861306331633730323232633936363263323730333633
66663236393233313630353134343033656238643132306163383431663731373862343062393163
62356161333065393835303964653535343037303038613734383536376363353236306166323735
66313531626339363435303839306436373234336464366435646336323363353865653764623563
62323064313233356462373635376138326566303233666231303434393333313533666334646635
37653962613338346461646366663065623031323239633762646561383137333962323562646238
31303163386230353366333431643434313730363738653064303735613661633265663534313933
36336431653864393762653330626163373666623566356237393934373131633637346435373138
34316232386631353135396464306437616434663630623435336133366263316233623537643762
39393233373761363439643135616165646163383531633364343138343265323331363163623434
62613833356435663333323661396462616232386331666663393861363636376532383363663530
61373031313834343565346661613339323833373031316466356438626239666664656530653163
65386463376566663831663962623839333438663965336266303264363736356366623366373165
35656162653462326433353163613936616463653530653863383466663039656461366336333533
32636133383734653565396330643261396663386361363436663064656336383363376235633037
33373561646532333635316264363031356436323638653837333736373363663537373763363136
34656535366430623331396534663161386631653933613263656137636131333961643631633930
64646533323236313130666437623735663933633066633636313436393233333631326138653238
32303566653639346136633136616438613663633963626439303932396439356537663331383136
36383661636335396565326537303531303365306232666438386330623463356363326338656165
61643637646661646337313263373866306532386433336637336533613164643965393531666364
37383730646165353339363836653531343831356337373961303630643738613338336564373833
63313762326539336662333566663331363930303233383835346262623932653963393333613039
62343033656166323561386262303864356666353165633139323161623536346235636261306336
30613131313937626435333531366332623061646465613138366431373465346530336165623436
34613363643938306565633461346634373333653862623236313530346362373030396462336439
3432613831663366613337383162346630393136613830316666
